2008
Carlos Manuel De Céspedes
Camaguey
nbn
56
u
hj
30/12/1899
10
5
5
15
5
5
5
30
5
5
5
5
5
5
20
5
5
5
5
15
5
5
5
30
5
5
5
5
5
5
20
5
5
5
5
15
5
5
5
30
5
5
5
5
5
5
20
5
5
5
5
45
15
15
15
90
15
15
15
15
15
15
60
15
15
15
15
15
5
5
5
30
5
5
5
5
5
5
20
5
5
5
5
15
5
5
5
30
5
5
5
5
5
5
20
5
5
5
5
15
5
5
5
30
5
5
5
5
5
5
20
5
5
5
5
45
15
15
15
90
15
15
15
15
15
15
60
15
15
15
15
90
30
30
30
180
30
30
30
30
30
30
120
30
30
30
30
